MN997409.1
MT020881.1
99.990
29882
3
0
1
29882
1
29882
MN997409.1
MT020880.1
99.990
29882
3
0
1
29882
1
29882
MN997409.1
MN985325.1
99.990
29882
3
0
1
29882
1
29882
MN997409.1
MN975262.1
99.990
29882
3
0
1
29882
1
29882
MN997409.1
LC522974.1
99.993
29878
2
0
4
29881
1
29878
MN997409.1
MT049951.1
99.987
29882
4
0
1
29882
1
29882
MN997409.1
MT019532.1
99.987
29882
4
0
1
29882
1
29882
MN997409.1
MN996528.1
99.987
29882
4
0
1
29882
1
29882
MN997409.1
NC_045512.2
99.987
29882
4
0
1
29882
1
29882
MN997409.1
MN908947.3
99.987
29882
4
0
1
29882
1
29882
MN997409.1
LC522975.1
99.990
29878
3
0
4
29881
1
29878
MN997409.1
LC522973.1
99.990
29878
3
0
4
29881
1
29878
MN997409.1
MN988669.1
99.987
29881
4
0
2
29882
1
29881
MN997409.1
MN988668.1
99.987
29881
4
0
2
29882
1
29881
MN997409.1
MT019533.1
99.983
29882
5
0
1
29882
1
29882
MN997409.1
MT019531.1
99.983
29882
5
0
1
29882
1
29882
MN997409.1
MT066175.1
99.993
29870
2
0
1
29870
1
29870
MN997409.1
MT027064.1
99.980
29882
6
0
1
29882
1
29882
MN997409.1
MN994468.1
99.980
29882
6
0
1
29882
1
29882
MN997409.1
MT044257.1
99.977
29882
7
0
1
29882
1
29882
MN997409.1
MT027063.1
99.977
29882
7
0
1
29882
1
29882
MN997409.1
MT027062.1
99.977
29882
7
0
1
29882
1
29882
MN997409.1
MT019529.1
99.977
29882
7
0
1
29882
1
29882
MN997409.1
MN994467.1
99.977
29882
7
0
1
29882
1
29882
MN997409.1
LR757995.1
99.993
29866
2
0
17
29882
2
29867
MN997409.1
MN988713.1
99.967
29882
10
0
1
29882
1
29882
MN997409.1
MT039888.1
99.970
29882
9
0
1
29882
1
29882
MN997409.1
MT039887.1
99.973
29882
5
1
1
29882
1
29879
MN997409.1
LC522972.1
99.973
29878
8
0
4
29881
1
29878
MN997409.1
MT066176.1
99.980
29870
6
0
1
29870
1
29870
MN997409.1
MT019530.1
99.967
29882
10
0
1
29882
1
29882
MN997409.1
LR757996.1
99.987
29862
4
0
21
29882
1
29862
MN997409.1
MT039890.1
99.956
29882
13
0
1
29882
1
29882
MN997409.1
MN996530.1
99.987
29854
4
0
15
29868
1
29854
MN997409.1
LR757998.1
99.980
29857
6
0
26
29882
1
29857
MN997409.1
MN996531.1
99.980
29857
6
0
14
29870
1
29857
MN997409.1
MN938384.1
99.997
29838
1
0
33
29870
1
29838
MN997409.1
MN996529.1
99.980
29852
6
0
13
29864
1
29852
MN997409.1
MT007544.1
99.943
29882
7
1
1
29882
1
29872
MN997409.1
MT039873.1
99.987
29833
4
0
4
29836
1
29833
MN997409.1
MN996527.1
99.980
29825
6
0
34
29858
1
29825
MN997409.1
MT044258.1
99.906
29882
4
2
1
29882
1
29858
MN997409.1
LC521925.1
99.900
29872
6
1
4
29875
1
29848
MN997409.1
MT020781.1
99.838
21614
35
0
13
21626
1
21614
MN997409.1
MT020781.1
100.000
4099
0
0
21708
25806
21696
25794
MN997409.1
MT020781.1
99.950
4004
2
0
25856
29859
25844
29847
MN997409.1
MG772933.1
89.116
21729
2278
68
6
21696
6
21685
MN997409.1
MG772933.1
89.000
6791
719
23
23075
29857
22992
29762
MN997409.1
MG772934.1
88.655
18272
2036
34
3329
21581
3247
21500
MN997409.1
MG772934.1
89.094
6785
706
26
23084
29857
22931
29692
MN997409.1
MG772934.1
92.726
3217
227
6
6
3219
6
3218
MN997409.1
AY394996.1
82.344
17716
2941
169
3956
21577
3868
21490
MN997409.1
AY394996.1
80.100
5417
986
68
22539
27910
22414
27783
MN997409.1
AY394996.1
90.067
1641
144
12
28257
29882
28035
29671
MN997409.1
AY394996.1
79.283
1926
362
31
16
1923
1
1907
MN997409.1
AY394997.1
82.344
17716
2941
169
3956
21577
3868
21490
MN997409.1
AY394997.1
80.100
5417
986
68
22539
27910
22414
27783
MN997409.1
AY394997.1
90.067
1641
144
12
28257
29882
28035
29671
MN997409.1
AY394997.1
79.283
1926
362
31
16
1923
1
1907
MN997409.1
AY395003.1
82.344
17716
2941
169
3956
21577
3832
21454
MN997409.1
AY395003.1
80.100
5417
986
68
22539
27910
22378
27747
MN997409.1
AY395003.1
90.067
1641
144
12
28257
29882
27999
29635
MN997409.1
AY395003.1
79.173
1887
359
28
55
1923
1
1871
MN997409.1
AY304486.1
82.332
17716
2943
169
3956
21577
3868
21490
MN997409.1
AY304486.1
80.022
5416
992
67
22539
27910
22414
27783
MN997409.1
AY304486.1
90.018
1633
144
12
28250
29867
28110
29738
MN997409.1
AY304486.1
79.283
1926
362
31
16
1923
1
1907
MN997409.1
AY304488.1
82.332
17716
2943
169
3956
21577
3868
21490
MN997409.1
AY304488.1
80.059
5416
990
67
22539
27910
22414
27783
MN997409.1
AY304488.1
90.056
1619
142
12
28257
29860
28117
29731
MN997409.1
AY304488.1
79.335
1926
361
31
16
1923
1
1907
MN997409.1
AY390556.1
82.321
17716
2945
169
3956
21577
3883
21505
MN997409.1
AY390556.1
80.100
5417
986
68
22539
27910
22429
27798
MN997409.1
AY390556.1
90.080
1633
143
12
28257
29874
28132
29760
MN997409.1
AY390556.1
79.257
1938
361
34
6
1923
6
1922
MN997409.1
AY394985.1
82.313
17714
2950
168
3956
21577
3633
21255
MN997409.1
AY394985.1
80.081
5417
987
68
22539
27910
22179
27548
MN997409.1
AY394985.1
90.189
1641
142
12
28257
29882
27882
29518
MN997409.1
AY394985.1
77.784
1688
343
27
252
1923
1
1672
MN997409.1
CS079029.1
82.315
17716
2946
169
3956
21577
3868
21490
MN997409.1
CS079029.1
80.081
5417
987
68
22539
27910
22414
27783
MN997409.1
CS079029.1
90.189
1641
142
12
28257
29882
28088
29724
MN997409.1
CS079029.1
79.305
1928
358
35
16
1923
1
1907
MN997409.1
EU371564.1
82.315
17716
2946
169
3956
21577
3883
21505
MN997409.1
EU371564.1
79.922
5379
994
62
22539
27878
22429
27760
MN997409.1
EU371564.1
90.018
1633
144
12
28257
29874
27884
29512
MN997409.1
EU371564.1
79.463
1938
357
36
6
1923
6
1922
MN997409.1
AY278554.2
82.315
17716
2946
169
3956
21577
3868
21490
MN997409.1
AY278554.2
80.081
5417
987
68
22539
27910
22414
27783
MN997409.1
AY278554.2
90.189
1641
142
12
28257
29882
28088
29724
MN997409.1
AY278554.2
79.305
1928
358
35
16
1923
1
1907
MN997409.1
AY394986.1
82.308
17714
2951
168
3956
21577
3832
21454
MN997409.1
AY394986.1
80.063
5417
988
68
22539
27910
22378
27747
MN997409.1
AY394986.1
90.189
1641
142
12
28257
29882
28081
29717
MN997409.1
AY394986.1
79.120
1887
360
28
55
1923
1
1871
MN997409.1
AY394994.1
82.308
17714
2951
168
3956
21577
3868
21490
MN997409.1
AY394994.1
80.081
5417
987
68
22539
27910
22414
27783
MN997409.1
AY394994.1
90.189
1641
142
12
28257
29882
28117
29753
MN997409.1
AY394994.1
79.232
1926
363
31
16
1923
1
1907
MN997409.1
AY559093.1
82.310
17716
2947
169
3956
21577
3867
21489
MN997409.1
AY559093.1
80.044
5417
989
68
22539
27910
22413
27782
MN997409.1
AY559093.1
90.123
1630
142
12
28257
29871
28087
29712
MN997409.1
AY559093.1
79.221
1925
359
35
19
1923
3
1906
MN997409.1
EU371559.1
82.310
17716
2947
169
3956
21577
3883
21505
MN997409.1
EU371559.1
80.081
5417
987
68
22539
27910
22429
27798
MN997409.1
EU371559.1
90.141
1633
142
12
28257
29874
28103
29731
MN997409.1
EU371559.1
79.360
1938
359
35
6
1923
6
1922
MN997409.1
KY417146.1
82.304
17716
2949
169
3956
21577
3883
21506
MN997409.1
KY417146.1
81.344
7617
1267
119
22346
29882
22237
29779
MN997409.1
KY417146.1
77.559
2237
453
42
6
2218
6
2217
MN997409.1
MK211376.1
82.317
17701
2945
167
3956
21562
3882
21491
MN997409.1
MK211376.1
79.524
5079
946
77
22346
27386
22238
27260
MN997409.1
MK211376.1
85.783
2483
308
32
27385
29836
27788
30256
MN997409.1
MK211376.1
77.738
2237
449
42
6
2218
5
2216
MN997409.1
AY394978.1
82.304
17716
2948
169
3956
21577
3811
21433
MN997409.1
AY394978.1
80.052
5379
987
62
22539
27878
22357
27688
MN997409.1
AY394978.1
90.189
1641
142
12
28257
29882
27992
29628
MN997409.1
AY394978.1
78.961
1868
355
32
76
1923
1
1850
MN997409.1
AY394983.1
82.304
17716
2948
169
3956
21577
3831
21453
MN997409.1
AY394983.1
80.100
5417
986
68
22539
27910
22377
27746
MN997409.1
AY394983.1
90.189
1641
142
12
28257
29882
28051
29687
MN997409.1
AY394983.1
79.184
1888
355
32
56
1923
1
1870
MN997409.1
AY394987.1
82.304
17716
2948
169
3956
21577
3841
21463
MN997409.1
AY394987.1
80.081
5417
987
68
22539
27910
22387
27756
MN997409.1
AY394987.1
90.189
1641
142
12
28257
29882
28061
29697
MN997409.1
AY394987.1
79.294
1898
355
32
46
1923
1
1880
MN997409.1
AY394991.1
82.304
17716
2948
169
3956
21577
3868
21490
MN997409.1
AY394991.1
80.081
5417
987
68
22539
27910
22414
27783
MN997409.1
AY394991.1
90.189
1641
142
12
28257
29882
28088
29724
MN997409.1
AY394991.1
79.305
1928
358
35
16
1923
1
1907
MN997409.1
AY394992.1
82.305
17717
2946
171
3956
21577
3868
21490
MN997409.1
AY394992.1
80.100
5417
986
68
22539
27910
22414
27783
MN997409.1
AY394992.1
90.189
1641
142
12
28257
29882
28088
29724
MN997409.1
AY394992.1
79.253
1928
359
35
16
1923
1
1907
MN997409.1
AY394993.1
82.306
17718
2944
172
3956
21577
3868
21490
MN997409.1
AY394993.1
80.081
5417
987
68
22539
27910
22414
27783
MN997409.1
AY394993.1
90.189
1641
142
12
28257
29882
28088
29724
MN997409.1
AY394993.1
79.232
1926
363
31
16
1923
1
1907
MN997409.1
AY394995.1
82.302
17714
2952
168
3956
21577
3868
21490
MN997409.1
AY394995.1
80.063
5417
988
68
22539
27910
22414
27783
MN997409.1
AY394995.1
90.189
1641
142
12
28257
29882
28117
29753
MN997409.1
AY394995.1
79.232
1926
363
31
16
1923
1
1907
MN997409.1
AY394998.1
82.304
17716
2948
169
3956
21577
3868
21490
MN997409.1
AY394998.1
80.063
5417
988
68
22539
27910
22414
27783
MN997409.1
AY394998.1
90.189
1641
142
12
28257
29882
28088
29724
MN997409.1
AY394998.1
79.305
1928
358
35
16
1923
1
1907
MN997409.1
AY394999.1
82.304
17716
2948
169
3956
21577
3868
21490
MN997409.1
AY394999.1
80.075
5335
979
60
22539
27835
22414
27702
MN997409.1
AY394999.1
90.189
1641
142
12
28257
29882
27702
29338
MN997409.1
AY394999.1
79.305
1928
358
35
16
1923
1
1907
MN997409.1
AY559082.1
82.304
17716
2948
169
3956
21577
3882
21504
MN997409.1
AY559082.1
80.059
5416
988
68
22539
27909
22428
27796
MN997409.1
AY559082.1
90.123
1630
142
12
28257
29871
28045
29670
MN997409.1
AY559082.1
79.199
1923
359
35
21
1923
20
1921
MN997409.1
AY559083.1
82.304
17716
2948
169
3956
21577
3917
21539
MN997409.1
AY559083.1
80.089
5379
985
62
22539
27878
22463
27794
MN997409.1
AY559083.1
90.153
1635
142
12
28257
29876
28137
29767
MN997409.1
AY559083.1
79.325
1925
357
35
19
1923
53
1956
MN997409.1
AY559084.1
82.304
17716
2948
169
3956
21577
3867
21489
MN997409.1
AY559084.1
80.063
5417
988
68
22539
27910
22413
27782
MN997409.1
AY559084.1
90.183
1640
142
12
28257
29881
28087
29722
MN997409.1
AY559084.1
79.221
1925
359
35
19
1923
3
1906
MN997409.1
AY559085.1
82.304
17716
2948
169
3956
21577
3867
21489
MN997409.1
AY559085.1
80.044
5417
989
68
22539
27910
22413
27782
MN997409.1
AY559085.1
90.129
1631
142
12
28257
29872
28087
29713
MN997409.1
AY559085.1
79.221
1925
359
35
19
1923
3
1906
MN997409.1
AY559086.1
82.304
17716
2948
169
3956
21577
3867
21489
MN997409.1
AY559086.1
80.093
5380
985
62
22539
27879
22413
27745
MN997409.1
AY559086.1
90.111
1628
142
12
28257
29869
28038
29661
MN997409.1
AY559086.1
79.325
1925
357
35
19
1923
3
1906
MN997409.1
AY559095.1
82.304
17716
2948
169
3956
21577
3873
21495
MN997409.1
AY559095.1
80.044
5417
989
68
22539
27910
22419
27788
MN997409.1
AY559095.1
90.129
1631
142
12
28257
29872
28093
29719
MN997409.1
AY559095.1
79.201
1928
360
35
16
1923
6
1912
MN997409.1
AY559096.1
82.304
17716
2948
169
3956
21577
3875
21497
MN997409.1
AY559096.1
80.059
5416
990
67
22539
27910
22421
27790
MN997409.1
AY559096.1
90.123
1630
142
12
28257
29871
28095
29720
MN997409.1
AY559096.1
79.314
1924
357
35
20
1923
12
1914
MN997409.1
CQ918585.1
82.304
17716
2948
169
3956
21577
3868
21490
MN997409.1
CQ918585.1
80.044
5417
989
68
22539
27910
22414
27783
MN997409.1
CQ918585.1
90.189
1641
142
12
28257
29882
28088
29724
MN997409.1
CQ918585.1
79.305
1928
358
35
16
1923
1
1907
MN997409.1
CQ918598.1
82.304
17716
2948
169
3956
21577
3883
21505
MN997409.1
CQ918598.1
80.044
5417
989
68
22539
27910
22429
27798
MN997409.1
CQ918598.1
90.189
1641
142
12
28257
29882
28103
29739
MN997409.1
CQ918598.1
79.360
1938
359
35
6
1923
6
1922
MN997409.1
CS079026.1
82.304
17716
2948
169
3956
21577
3883
21505
MN997409.1
CS079026.1
80.044
5417
989
68
22539
27910
22429
27798
MN997409.1
CS079026.1
90.189
1641
142
12
28257
29882
28103
29739
MN997409.1
CS079026.1
79.360
1938
359
35
6
1923
6
1922
MN997409.1
AP006561.1
82.304
17716
2948
169
3956
21577
3883
21505
MN997409.1
AP006561.1
80.081
5417
987
68
22539
27910
22429
27798
MN997409.1
AP006561.1
90.117
1629
142
12
28257
29870
28103
29727
MN997409.1
AP006561.1
79.360
1938
359
35
6
1923
6
1922
MN997409.1
AY864806.1
82.304
17716
2948
169
3956
21577
3883
21505
MN997409.1
AY864806.1
80.081
5417
987
68
22539
27910
22429
27798
MN997409.1
AY864806.1
90.189
1641
142
12
28257
29882
28103
29739
MN997409.1
AY864806.1
79.360
1938
359
35
6
1923
6
1922
MN997409.1
FJ882963.1
82.304
17716
2948
169
3956
21577
3864
21486
MN997409.1
FJ882963.1
80.015
5419
987
71
22539
27910
22410
27779
MN997409.1
FJ882963.1
89.956
1603
142
12
28257
29844
28084
29682
MN997409.1
FJ882963.1
79.314
1924
357
35
20
1923
1
1903
MN997409.1
AY291451.1
82.304
17716
2948
169
3956
21577
3883
21505
MN997409.1
AY291451.1
80.081
5417
987
68
22539
27910
22429
27798
MN997409.1
AY291451.1
90.129
1631
142
12
28257
29872
28103
29729
MN997409.1
AY291451.1
79.360
1938
359
35
6
1923
6
1922
MN997409.1
AY323977.2
82.304
17716
2948
169
3956
21577
3883
21505
MN997409.1
AY323977.2
80.081
5417
987
71
22539
27910
22429
27798
MN997409.1
AY323977.2
90.189
1641
142
12
28257
29882
28103
29739
MN997409.1
AY323977.2
79.360
1938
359
35
6
1923
6
1922
MN997409.1
DJ045279.1
82.304
17716
2948
169
3956
21577
3883
21505
MN997409.1
DJ045279.1
80.044
5417
989
68
22539
27910
22429
27798
MN997409.1
DJ045279.1
90.189
1641
142
12
28257
29882
28103
29739
MN997409.1
DJ045279.1
79.360
1938
359
35
6
1923
6
1922
MN997409.1
DJ059765.1
82.304
17716
2948
169
3956
21577
3883
21505
MN997409.1
DJ059765.1
80.081
5417
987
68
22539
27910
22429
27798
MN997409.1
DJ059765.1
90.189
1641
142
12
28257
29882
28103
29739
MN997409.1
DJ059765.1
79.360
1938
359
35
6
1923
6
1922
MN997409.1
DL008527.1
82.304
17716
2948
169
3956
21577
3883
21505
MN997409.1
DL008527.1
80.081
5417
987
68
22539
27910
22429
27798
MN997409.1
DL008527.1
90.189
1641
142
12
28257
29882
28103
29739
MN997409.1
DL008527.1
79.360
1938
359
35
6
1923
6
1922
MN997409.1
AY427439.1
82.304
17716
2948
169
3956
21577
3867
21489
MN997409.1
AY427439.1
80.081
5417
987
68
22539
27910
22413
27782
MN997409.1
AY427439.1
90.117
1629
142
12
28257
29870
28087
29711
MN997409.1
AY427439.1
79.325
1925
357
35
19
1923
3
1906
MN997409.1
AY357075.1
82.304
17716
2948
169
3956
21577
3869
21491
MN997409.1
AY357075.1
80.044
5417
989
68
22539
27910
22415
27784
MN997409.1
AY357075.1
90.189
1641
142
12
28257
29882
28087
29723
MN997409.1
AY357075.1
79.316
1929
358
35
15
1923
1
1908
MN997409.1
AY502923.1
82.304
17716
2948
169
3956
21577
3883
21505
MN997409.1
AY502923.1
80.081
5417
987
68
22539
27910
22429
27798
MN997409.1
AY502923.1
90.129
1631
142
12
28257
29872
28103
29729
MN997409.1
AY502923.1
79.360
1938
359
35
6
1923
6
1922
MN997409.1
AY502925.1
82.304
17716
2948
169
3956
21577
3883
21505
MN997409.1
AY502925.1
80.081
5417
987
68
22539
27910
22429
27798
MN997409.1
AY502925.1
90.129
1631
142
12
28257
29872
28103
29729
MN997409.1
AY502925.1
79.360
1938
359
35
6
1923
6
1922
MN997409.1
AY502926.1
82.304
17716
2948
169
3956
21577
3883
21505
MN997409.1
AY502926.1
80.044
5417
989
68
22539
27910
22429
27798
MN997409.1
AY502926.1
90.129
1631
142
12
28257
29872
28103
29729
MN997409.1
AY502926.1
79.309
1938
360
35
6
1923
6
1922
MN997409.1
AY502928.1
82.304
17716
2948
169
3956
21577
3883
21505
MN997409.1
AY502928.1
80.063
5417
988
68
22539
27910
22429
27798
MN997409.1
AY502928.1
90.129
1631
142
12
28257
29872
28103
29729
MN997409.1
AY502928.1
79.360
1938
359
35
6
1923
6
1922
MN997409.1
AY714217.1
82.304
17716
2948
169
3956
21577
3883
21505
MN997409.1
AY714217.1
80.063
5417
988
68
22539
27910
22429
27798
MN997409.1
AY714217.1
90.117
1629
142
12
28257
29870
28103
29727
MN997409.1
AY714217.1
79.360
1938
359
35
6
1923
6
1922
MN997409.1
DQ898174.1
82.304
17716
2948
169
3956
21577
3883
21505
MN997409.1
DQ898174.1
80.063
5417
988
68
22539
27910
22429
27798
MN997409.1
DQ898174.1
90.189
1641
142
12
28257
29882
28103
29739
MN997409.1
DQ898174.1
79.360
1938
359
35
6
1923
6
1922
MN997409.1
AY283796.1
82.304
17716
2948
169
3956
21577
3867
21489
MN997409.1
AY283796.1
80.100
5417
986
68
22539
27910
22413
27782
MN997409.1
AY283796.1
90.117
1629
142
12
28257
29870
28087
29711
MN997409.1
AY283796.1
79.325
1925
357
35
19
1923
3
1906
MN997409.1
AY282752.2
82.304
17716
2948
169
3956
21577
3868
21490
MN997409.1
AY282752.2
80.063
5417
988
68
22539
27910
22414
27783
MN997409.1
AY282752.2
90.189
1641
142
12
28257
29882
28088
29724
MN997409.1
AY282752.2
79.305
1928
358
35
